#
#
#  Percent Identity  Matrix - created by Clustal2.1 
#
#

     1: 1VHB_1|Chains  100.00   16.54   17.16   16.54   16.54   15.79   16.54   17.78   17.04   17.78   17.04
     2: 1GCW_2|Chains   16.54  100.00   30.30   39.26   33.33   34.33   35.56   34.59   30.83   31.58   30.83
     3: 1GCW_1|Chains   17.16   30.30  100.00   31.88   29.71   32.61   32.61   40.00   40.71   40.00   40.00
     4: 1HBR_2|Chains   16.54   39.26   31.88  100.00   67.81   63.45   69.18   48.20   41.73   41.01   41.73
     5: 2D5X_2|Chain    16.54   33.33   29.71   67.81  100.00   81.38   83.56   46.04   46.04   44.60   46.04
     6: 1HDA_2|Chains   15.79   34.33   32.61   63.45   81.38  100.00   84.14   44.60   43.88   44.60   43.88
     7: 1A3N_2|Chains   16.54   35.56   32.61   69.18   83.56   84.14  100.00   45.32   44.60   45.32   44.60
     8: 1HBR_1|Chains   17.78   34.59   40.00   48.20   46.04   44.60   45.32  100.00   59.57   59.57   60.28
     9: 1HDA_1|Chains   17.04   30.83   40.71   41.73   46.04   43.88   44.60   59.57  100.00   87.94   87.94
    10: 1A3N_1|Chains   17.78   31.58   40.00   41.01   44.60   44.60   45.32   59.57   87.94  100.00   87.94
    11: 2D5X_1|Chain    17.04   30.83   40.00   41.73   46.04   43.88   44.60   60.28   87.94   87.94  100.00
